time anode_char cathode_char
0 0.215237068301515 -0.215237068301516
10 0.215443689442954 -0.215443689442953
20 0.217340561785147 -0.217340561785147
30 0.220526197695387 -0.220526197695388
40 0.225003086575912 -0.225003086575912
50 0.230764715249847 -0.230764715249847
60 0.237803551359927 -0.237803551359928
70 0.246101008862837 -0.246101008862836
80 0.255622301873405 -0.255622301873405
90 0.266319528154573 -0.266319528154573
100 0.278134886623721 -0.278134886623721
110 0.291002325808007 -0.291002325808008
120 0.304848830989974 -0.304848830989974
130 0.319595311086375 -0.319595311086376
140 0.335156576661952 -0.335156576661952
150 0.351440099835865 -0.351440099835865
160 0.368343727507748 -0.368343727507748
170 0.385753271741391 -0.385753271741392
180 0.403541411116201 -0.403541411116201
190 0.42156975011255 -0.42156975011255
200 0.439694880518475 -0.439694880518474
210 0.457776560933598 -0.457776560933599
220 0.475683848412305 -0.475683848412306
230 0.49329651072849 -0.49329651072849
240 0.510503042136639 -0.510503042136638
250 0.527199142832958 -0.527199142832958
260 0.543289763572375 -0.543289763572374
270 0.55869467563276 -0.558694675632762
280 0.573354684896949 -0.573354684896951
290 0.587234800364161 -0.587234800364161
300 0.600322199407922 -0.600322199407923
310 0.612619821497115 -0.612619821497117
320 0.624138439261602 -0.624138439261601
330 0.634890314762837 -0.634890314762837
340 0.644885931910078 -0.644885931910079
350 0.654134539213469 -0.654134539213469
360 0.662649551804968 -0.662649551804968
370 0.670457046405248 -0.670457046405249
380 0.67760115216667 -0.677601152166669
390 0.684142149563234 -0.684142149563234
400 0.690149020847565 -0.690149020847567
410 0.695689337486942 -0.695689337486942
420 0.700818329161633 -0.700818329161636
430 0.705569682787562 -0.705569682787564
440 0.709951746444489 -0.70995174644449
450 0.713952023914569 -0.713952023914568
460 0.717549711341941 -0.717549711341941
470 0.720732313715707 -0.720732313715706
480 0.72351112910423 -0.723511129104232
490 0.725930236772225 -0.725930236772224
500 0.728064017622949 -0.728064017622949
510 0.730002169778331 -0.730002169778331
520 0.731828810649651 -0.731828810649648
530 0.733606501757753 -0.733606501757755
540 0.735372217555438 -0.735372217555437
550 0.737143087585562 -0.737143087585563
560 0.738923878133206 -0.738923878133205
570 0.740710238629594 -0.740710238629593
580 0.742488134449582 -0.742488134449582
590 0.744233174225508 -0.744233174225509
600 0.745913494540502 -0.745913494540501
610 0.747498130949765 -0.747498130949765
620 0.748969959954679 -0.748969959954679
630 0.750337399935547 -0.750337399935547
640 0.751638507138869 -0.75163850713887
650 0.75294141661269 -0.752941416612693
660 0.754347855054135 -0.754347855054137
670 0.755985254321031 -0.755985254321029
680 0.757974932656672 -0.757974932656672
690 0.760396539339503 -0.760396539339501
700 0.763269865406961 -0.763269865406961
710 0.766556440765649 -0.766556440765647
720 0.770173703137035 -0.770173703137035
730 0.774011736955796 -0.774011736955797
740 0.777948507093404 -0.777948507093406
750 0.781869002658993 -0.781869002658995
760 0.785686991833447 -0.785686991833446
770 0.789355895917427 -0.78935589591743
780 0.792858980887064 -0.792858980887064
790 0.79618882307268 -0.796188823072683
800 0.799337808428041 -0.799337808428041
810 0.802293548137415 -0.802293548137415
820 0.805016397374379 -0.805016397374381
830 0.807418952795339 -0.807418952795338
840 0.809382206041154 -0.809382206041155
850 0.810801872108689 -0.81080187210869
860 0.811624474169478 -0.811624474169477
870 0.811853036640534 -0.811853036640536
880 0.811534689882176 -0.811534689882177
890 0.810747473389068 -0.810747473389069
900 0.809592473305147 -0.809592473305145
910 0.808188164868796 -0.808188164868791
920 0.806662086827509 -0.806662086827507
930 0.805138834428403 -0.805138834428404
940 0.803727072140372 -0.803727072140374
950 0.802512917813721 -0.802512917813721
960 0.801563926889074 -0.801563926889074
970 0.800933982729934 -0.800933982729933
980 0.800661096188143 -0.800661096188144
990 0.8007702138527 -0.800770213852703
1000 0.801282048243168 -0.801282048243169
1010 0.802209662817415 -0.802209662817416
1020 0.803547052551091 -0.80354705255109
1030 0.805267142628357 -0.805267142628357
1040 0.807330985143457 -0.807330985143456
1050 0.80969889995418 -0.809698899954178
1060 0.812337631550738 -0.812337631550741
1070 0.815224191594933 -0.815224191594934
1080 0.81834896357029 -0.81834896357029
1090 0.821718258527636 -0.821718258527637
1100 0.825354209454391 -0.825354209454393
1110 0.829290141312309 -0.82929014131231
1120 0.833562941033472 -0.833562941033471
1130 0.838207309622002 -0.838207309622005
1140 0.843253755863322 -0.843253755863322
1150 0.848728228285398 -0.848728228285399
1160 0.854651515455847 -0.854651515455846
1170 0.861038946186652 -0.861038946186652
1180 0.867898512620468 -0.86789851262047
1190 0.875223238358478 -0.87522323835848
1200 0.882979857960759 -0.882979857960762
1210 0.891103375794465 -0.891103375794466
1220 0.899502029778015 -0.899502029778015
1230 0.908066624917001 -0.908066624917004
1240 0.916677931255033 -0.916677931255033
1250 0.925211344405773 -0.92521134440577
1260 0.933541316429093 -0.933541316429093
1270 0.941547733221117 -0.941547733221117
1280 0.949124561978685 -0.949124561978685
1290 0.95618839892555 -0.95618839892555
1300 0.962684732722559 -0.962684732722563
1310 0.968587411542711 -0.968587411542711
1320 0.973888390462833 -0.973888390462836
1330 0.978585442672109 -0.97858544267211
1340 0.982680155350599 -0.982680155350601
1350 0.986189601698846 -0.986189601698848
1360 0.989159592942091 -0.989159592942094
1370 0.991666356518697 -0.9916663565187
1380 0.993807367809529 -0.993807367809528
1390 0.995686362994022 -0.995686362994025
1400 0.997395493644725 -0.997395493644723
1410 0.998996711708158 -0.998996711708161
1420 1.00050638552037 -1.00050638552037
1430 1.00189079675137 -1.00189079675137
1440 1.00307818099153 -1.00307818099153
1450 1.00398237873264 -1.00398237873265
1460 1.00452490270794 -1.00452490270794
1470 1.00464662852866 -1.00464662852866
1480 1.00431037798786 -1.00431037798786
1490 1.00350021507802 -1.00350021507802
1500 1.00222140603286 -1.00222140603286
1510 1.00050013684378 -1.00050013684378
1520 0.998380035633842 -0.998380035633843
1530 0.995914457586252 -0.99591445758625
1540 0.993156205343341 -0.99315620534334
1550 0.990149892589317 -0.99014989258932
1560 0.986934330367936 -0.986934330367936
1570 0.983554883481254 -0.983554883481255
1580 0.980073756579705 -0.980073756579705
1590 0.976568088535768 -0.976568088535772
1600 0.973120653374469 -0.97312065337447
1610 0.96981441567555 -0.96981441567555
1620 0.966734075970645 -0.966734075970646
1630 0.963969059291305 -0.963969059291303
1640 0.961613110285691 -0.961613110285691
1650 0.959755269707172 -0.959755269707172
1660 0.95845705699202 -0.958457056992022
1670 0.95773108811341 -0.957731088113411
1680 0.957546251135508 -0.95754625113551
1690 0.957849365869611 -0.957849365869614
1700 0.958579014687925 -0.958579014687924
1710 0.959672700837054 -0.959672700837058
1720 0.961075235032435 -0.961075235032433
1730 0.962745182695853 -0.962745182695851
1740 0.964651279856476 -0.964651279856476
1750 0.966758309945565 -0.966758309945565
1760 0.969018154763598 -0.969018154763603
1770 0.971381838138012 -0.971381838138012
1780 0.97382192825615 -0.973821928256151
1790 0.976339547970727 -0.976339547970732
1800 0.978950419240181 -0.978950419240182
1810 0.98166708075827 -0.981667080758272
1820 0.984490755030446 -0.984490755030446
1830 0.98741008297827 -0.987410082978267
1840 0.990403136193601 -0.990403136193607
1850 0.993442516890677 -0.993442516890677
1860 0.99650081846043 -0.996500818460431
1870 0.999551770762566 -0.999551770762567
1880 1.00256191909146 -1.00256191909146
1890 1.00547832134516 -1.00547832134517
1900 1.00823565798108 -1.00823565798108
1910 1.01079121130683 -1.01079121130683
1920 1.01315058972407 -1.01315058972407
1930 1.015349747027 -1.015349747027
1940 1.01741967422181 -1.01741967422181
1950 1.0193771112959 -1.0193771112959
1960 1.02124199267227 -1.02124199267227
1970 1.02305199933436 -1.02305199933436
1980 1.02485826433243 -1.02485826433243
1990 1.02671038600429 -1.02671038600429
2000 1.02864396895929 -1.02864396895928
2010 1.03068639313391 -1.03068639313391
2020 1.0328840636716 -1.0328840636716
2030 1.03530779894736 -1.03530779894736
2040 1.03802208411639 -1.03802208411639
2050 1.04106751298905 -1.04106751298906
2060 1.04446855492391 -1.04446855492391
2070 1.04824376074946 -1.04824376074946
2080 1.05240417035311 -1.05240417035311
2090 1.05694115994639 -1.05694115994639
2100 1.06181628815688 -1.06181628815688
2110 1.06696382619298 -1.06696382619298
2120 1.07230163867924 -1.07230163867924
2130 1.07774209180559 -1.07774209180559
2140 1.08320299120254 -1.08320299120254
2150 1.0886180522038 -1.0886180522038
2160 1.09394436930714 -1.09394436930714
2170 1.09916464292137 -1.09916464292137
2180 1.10428203021507 -1.10428203021507
2190 1.10931199294242 -1.10931199294242
2200 1.11427780059997 -1.11427780059997
2210 1.11920866656179 -1.11920866656179
2220 1.12413659115447 -1.12413659115447
2230 1.12909111896909 -1.12909111896909
2240 1.1340919164622 -1.1340919164622
2250 1.1391394210118 -1.13913942101179
2260 1.14420735798805 -1.14420735798805
2270 1.1492425861417 -1.14924258614171
2280 1.15417504506445 -1.15417504506444
2290 1.15893906053015 -1.15893906053015
2300 1.16350568127049 -1.16350568127049
2310 1.16791369772304 -1.16791369772305
2320 1.17227059464502 -1.17227059464502
2330 1.17670920085846 -1.17670920085846
2340 1.18133273969561 -1.18133273969561
2350 1.18618994433591 -1.18618994433591
2360 1.19127848008285 -1.19127848008285
2370 1.19655752950573 -1.19655752950573
2380 1.20196447569171 -1.20196447569171
2390 1.2074317749905 -1.2074317749905
2400 1.21289807585019 -1.2128980758502
2410 1.21831215970371 -1.21831215970371
2420 1.22363234843653 -1.22363234843653
2430 1.22882635860349 -1.22882635860349
2440 1.23387593190737 -1.23387593190737
2450 1.2387846310943 -1.2387846310943
2460 1.2435779697963 -1.2435779697963
2470 1.24828615949074 -1.24828615949074
2480 1.25292253011678 -1.25292253011678
2490 1.25748384627383 -1.25748384627383
2500 1.26197087291505 -1.26197087291505
2510 1.26639566294588 -1.26639566294588
2520 1.27076245359763 -1.27076245359763
2530 1.27505127934194 -1.27505127934194
2540 1.27922550338266 -1.27922550338266
2550 1.28325411100751 -1.28325411100751
2560 1.28712880363298 -1.28712880363297
2570 1.29086159202693 -1.29086159202693
2580 1.29446665708181 -1.29446665708181
2590 1.29794525474015 -1.29794525474015
2600 1.30128731580393 -1.30128731580393
2610 1.30448423564601 -1.30448423564602
2620 1.30753656078806 -1.30753656078806
2630 1.31045136048236 -1.31045136048236
2640 1.31323685578305 -1.31323685578305
2650 1.31590201754117 -1.31590201754117
2660 1.31846161977843 -1.31846161977843
2670 1.32093947863717 -1.32093947863717
2680 1.32336262125245 -1.32336262125245
2690 1.32574850005311 -1.32574850005311
2700 1.3280944670552 -1.3280944670552
2710 1.33037648370669 -1.33037648370669
2720 1.33255720621082 -1.33255720621083
2730 1.33460109902936 -1.33460109902936
2740 1.33649181152433 -1.33649181152433
2750 1.33824330607177 -1.33824330607176
2760 1.33989876998708 -1.33989876998708
2770 1.34151779686553 -1.34151779686553
2780 1.34315602291722 -1.34315602291722
2790 1.34484519407631 -1.34484519407632
2800 1.3465814767696 -1.3465814767696
2810 1.34832619641599 -1.348326196416
2820 1.35002708239477 -1.35002708239477
2830 1.35165043793509 -1.3516504379351
2840 1.35318014883827 -1.35318014883827
2850 1.35458270705849 -1.35458270705849
2860 1.35579212870329 -1.35579212870329
2870 1.35672992733302 -1.35672992733303
2880 1.35733133310413 -1.35733133310413
2890 1.35755384800759 -1.35755384800759
2900 1.3573739444563 -1.3573739444563
2910 1.35678658664935 -1.35678658664935
2920 1.35581178624495 -1.35581178624495
2930 1.35450203295267 -1.35450203295267
2940 1.35293849085938 -1.35293849085937
2950 1.35121100906136 -1.35121100906137
2960 1.34939765956326 -1.34939765956327
2970 1.34756029153603 -1.34756029153603
2980 1.34575317956806 -1.34575317956806
2990 1.34403199580944 -1.34403199580944
3000 1.34245084883119 -1.3424508488312
3010 1.34104910691344 -1.34104910691343
3020 1.3398463735803 -1.33984637358031
3030 1.33885245148716 -1.33885245148716
3040 1.33808081949238 -1.33808081949238
3050 1.33756188181931 -1.33756188181931
3060 1.33735685457352 -1.33735685457352
3070 1.33756187644273 -1.33756187644274
3080 1.33829633578579 -1.33829633578579
3090 1.33968175304037 -1.33968175304037
3100 1.34182126653205 -1.34182126653205
3110 1.34478703815482 -1.34478703815481
3120 1.34861537951831 -1.34861537951831
3130 1.35330858149834 -1.35330858149834
3140 1.35884576767242 -1.35884576767242
3150 1.36519401756856 -1.36519401756856
3160 1.37230929741048 -1.37230929741048
3170 1.38013181212651 -1.38013181212651
3180 1.38858163665545 -1.38858163665545
3190 1.39755416538309 -1.39755416538308
3200 1.40691639015268 -1.40691639015268
3210 1.41650754462251 -1.41650754462251
3220 1.42614631584664 -1.42614631584664
3230 1.43564639916735 -1.43564639916735
3240 1.44484128459252 -1.44484128459252
3250 1.45360921517806 -1.45360921517806
3260 1.46188823954404 -1.46188823954403
3270 1.4696724064082 -1.4696724064082
3280 1.47698212217427 -1.47698212217427
3290 1.48383148388063 -1.48383148388063
3300 1.49021117385322 -1.49021117385323
3310 1.49608427570458 -1.49608427570457
3320 1.50139349236924 -1.50139349236924
3330 1.506076962091 -1.50607696209099
3340 1.5100812829525 -1.51008128295249
3350 1.51336531931394 -1.51336531931395
3360 1.51590047138213 -1.51590047138213
3370 1.51767254472613 -1.51767254472613
3380 1.51868006801702 -1.51868006801702
3390 1.51892450736925 -1.51892450736925
3400 1.51840719313907 -1.51840719313908
3410 1.5171468244453 -1.5171468244453
3420 1.51520040718443 -1.51520040718443
3430 1.51267055135951 -1.51267055135951
3440 1.50970495128353 -1.50970495128353
3450 1.50649339510723 -1.50649339510723
3460 1.50325176874923 -1.50325176874923
3470 1.50018998153682 -1.50018998153683
3480 1.49748458228651 -1.49748458228651
3490 1.49527058298531 -1.49527058298531
3500 1.49364380156462 -1.49364380156462
3510 1.49265972774661 -1.49265972774662
3520 1.49232652540659 -1.49232652540659
3530 1.49260232015388 -1.49260232015388
3540 1.49340664869762 -1.49340664869762
3550 1.4946397433001 -1.4946397433001
3560 1.49619348370318 -1.49619348370318
3570 1.49795437217707 -1.49795437217707
3580 1.49981337316403 -1.49981337316404
3590 1.50168669282932 -1.50168669282933
3600 1.50353295860292 -1.50353295860291
3610 1.50535120756568 -1.50535120756568
3620 1.50716515939986 -1.50716515939986
3630 1.50900997299534 -1.50900997299534
3640 1.51092603043522 -1.51092603043522
3650 1.51295497868048 -1.51295497868048
3660 1.51513484310446 -1.51513484310447
3670 1.51749503812024 -1.51749503812024
3680 1.52005484705094 -1.52005484705093
3690 1.5228193037174 -1.5228193037174
3700 1.52576128766034 -1.52576128766034
3710 1.52881301928125 -1.52881301928125
3720 1.53189024507739 -1.5318902450774
3730 1.53491579284355 -1.53491579284355
3740 1.53782462445612 -1.53782462445613
3750 1.54056627417314 -1.54056627417313
3760 1.5431068523881 -1.54310685238809
3770 1.54541825186916 -1.54541825186916
3780 1.54745507014322 -1.54745507014322
3790 1.54914137581836 -1.54914137581836
3800 1.55038243902132 -1.55038243902132
3810 1.55109262721993 -1.55109262721994
3820 1.5512166709879 -1.55121667098791
3830 1.55073048502151 -1.55073048502151
3840 1.5496270079263 -1.54962700792631
3850 1.54790622113195 -1.54790622113196
3860 1.54558180853476 -1.54558180853476
3870 1.54269114044054 -1.54269114044054
3880 1.53929232620238 -1.53929232620239
3890 1.53545690579159 -1.5354569057916
3900 1.53127270413381 -1.53127270413381
3910 1.5268512955475 -1.5268512955475
3920 1.52233027000238 -1.52233027000239
3930 1.51787281650244 -1.51787281650244
3940 1.51366533924921 -1.51366533924921
3950 1.50990290750246 -1.50990290750246
3960 1.50675766484408 -1.50675766484409
3970 1.50434177054756 -1.50434177054756
3980 1.50268995061044 -1.50268995061045
3990 1.50177759155589 -1.50177759155589
4000 1.50155544684001 -1.50155544684001
4010 1.50197424538375 -1.50197424538375
4020 1.50299300174249 -1.5029930017425
4030 1.50457652348305 -1.50457652348305
4040 1.50668949710465 -1.50668949710465
4050 1.50929272532974 -1.50929272532974
4060 1.51234378172757 -1.51234378172757
4070 1.51580440262262 -1.51580440262262
4080 1.51965543405615 -1.51965543405615
4090 1.52390622088523 -1.52390622088523
4100 1.52857897465695 -1.52857897465695
4110 1.53367614319791 -1.53367614319791
4120 1.53915823212774 -1.53915823212775
4130 1.54494696190325 -1.54494696190325
4140 1.55095057197782 -1.55095057197782
4150 1.55709515663619 -1.55709515663618
4160 1.56334215044891 -1.56334215044892
4170 1.56968079118752 -1.56968079118752
4180 1.57610346978271 -1.57610346978272
4190 1.58258290198991 -1.58258290198991
4200 1.58905809520921 -1.58905809520921
4210 1.59542596221516 -1.59542596221517
4220 1.60154142959314 -1.60154142959314
4230 1.60723288786665 -1.60723288786664
4240 1.61232711713415 -1.61232711713415
4250 1.61667101232373 -1.61667101232374
4260 1.6201459427063 -1.6201459427063
4270 1.62267369548674 -1.62267369548674
4280 1.62421246388167 -1.62421246388167
4290 1.62474764707944 -1.62474764707944
4300 1.62428479689587 -1.62428479689588
4310 1.62284874265769 -1.62284874265769
4320 1.62049003831193 -1.62049003831194
4330 1.61728957338671 -1.61728957338671
4340 1.61335160692787 -1.61335160692787
4350 1.60879287520407 -1.60879287520408
4360 1.60373847499432 -1.60373847499432
4370 1.59832594860713 -1.59832594860714
4380 1.59271418312935 -1.59271418312935
4390 1.58708501850775 -1.58708501850775
4400 1.58162565643933 -1.58162565643933
4410 1.57650287413065 -1.57650287413065
4420 1.57185365055547 -1.57185365055547
4430 1.56779433486013 -1.56779433486013
4440 1.56443000226676 -1.56443000226676
4450 1.56185426879713 -1.56185426879713
4460 1.56014413278141 -1.56014413278142
4470 1.55935715977521 -1.55935715977522
4480 1.55953291296379 -1.5595329129638
4490 1.56069552672397 -1.56069552672397
4500 1.56285013948243 -1.56285013948243
4510 1.56597154250454 -1.56597154250455
4520 1.56999759556924 -1.56999759556925
4530 1.57483437867732 -1.57483437867732
4540 1.58036346358088 -1.58036346358088
4550 1.58644544934701 -1.58644544934701
4560 1.59292417727082 -1.59292417727082
4570 1.59963346629637 -1.59963346629638
4580 1.60640577339484 -1.60640577339483
4590 1.61309413827706 -1.61309413827706
4600 1.61960887416242 -1.61960887416242
4610 1.62591927641909 -1.62591927641908
4620 1.63199772002809 -1.63199772002809
4630 1.63777901209373 -1.63777901209373
4640 1.64317916030108 -1.64317916030109
4650 1.648140130302 -1.648140130302
4660 1.65265798363603 -1.65265798363603
4670 1.65677683258029 -1.65677683258029
4680 1.66056146531827 -1.66056146531827
4690 1.66407587054109 -1.66407587054109
4700 1.66737709171714 -1.66737709171715
4710 1.67051546136392 -1.67051546136392
4720 1.67353204826189 -1.6735320482619
4730 1.67645145921252 -1.67645145921251
4740 1.67927346019185 -1.67927346019185
4750 1.68196747906555 -1.68196747906555
4760 1.68447331387922 -1.68447331387923
4770 1.68670866135262 -1.68670866135261
4780 1.68857950739611 -1.68857950739611
4790 1.68998994262884 -1.68998994262884
4800 1.69085272098008 -1.69085272098008
4810 1.69110015922628 -1.69110015922628
4820 1.6906915208492 -1.6906915208492
4830 1.68961518633465 -1.68961518633465
4840 1.6878872569313 -1.6878872569313
4850 1.68554935313598 -1.68554935313597
4860 1.68266683072701 -1.68266683072701
4870 1.67932718955203 -1.67932718955203
4880 1.67563664780481 -1.6756366478048
4890 1.67171115612227 -1.67171115612227
4900 1.66766040345478 -1.66766040345477
4910 1.66357032567189 -1.66357032567189
4920 1.65949083196522 -1.65949083196523
4930 1.65543053064072 -1.65543053064072
4940 1.65136049638762 -1.65136049638762
4950 1.64722726001222 -1.64722726001223
4960 1.64296718070927 -1.64296718070927
4970 1.63851962886753 -1.63851962886753
4980 1.6338486026696 -1.6338486026696
4990 1.62897317582337 -1.62897317582337
5000 1.62398198537369 -1.6239819853737
